   1    1947       1     JAN1947    4.49000
   2    1947       2     FEB1947    4.38000
   3    1947       3     MAR1947    4.61000
   4    1947       4     APR1947    4.75000
   5    1947       5     MAY1947    5.05000
   6    1947       6     JUN1947    5.03000
   7    1947       7     JUL1947    4.81000
   8    1947       8     AUG1947    4.97000
   9    1947       9     SEP1947    5.16000
  10    1947      10     OCT1947    5.10000
  11    1947      11     NOV1947    5.24000
  12    1947      12     DEC1947    5.55000
  13    1948       1     JAN1948    5.71000
  14    1948       2     FEB1948    6.01000
  15    1948       3     MAR1948    5.90000
  16    1948       4     APR1948    5.50000
  17    1948       5     MAY1948    5.32000
  18    1948       6     JUN1948    5.02000
  19    1948       7     JUL1948    4.96000
  20    1948       8     AUG1948    5.17000
  21    1948       9     SEP1948    5.29000
  22    1948      10     OCT1948    5.29000
  23    1948      11     NOV1948    6.09000
  24    1948      12     DEC1948    6.24000
  25    1949       1     JAN1949    6.20000
  26    1949       2     FEB1949    6.54000
  27    1949       3     MAR1949    6.57000
  28    1949       4     APR1949    6.65000
  29    1949       5     MAY1949    6.72000
  30    1949       6     JUN1949    7.09000
  31    1949       7     JUL1949    6.73000
  32    1949       8     AUG1949    6.54000
  33    1949       9     SEP1949    6.36000
  34    1949      10     OCT1949    6.26000
  35    1949      11     NOV1949    6.61000
  36    1949      12     DEC1949    6.75000
  37    1950       1     JAN1950    6.65000
  38    1950       2     FEB1950    6.62000
  39    1950       3     MAR1950    6.53000
  40    1950       4     APR1950    6.36000
  41    1950       5     MAY1950    6.16000
  42    1950       6     JUN1950    6.12000
  43    1950       7     JUL1950    6.63000
  44    1950       8     AUG1950    6.54000
  45    1950       9     SEP1950    6.65000
  46    1950      10     OCT1950    6.39000
  47    1950      11     NOV1950    6.97000
  48    1950      12     DEC1950    7.24000
  49    1951       1     JAN1951    6.34000
  50    1951       2     FEB1951    6.20000
  51    1951       3     MAR1951    6.34000
  52    1951       4     APR1951    6.27000
  53    1951       5     MAY1951    6.23000
  54    1951       6     JUN1951    6.30000
  55    1951       7     JUL1951    6.25000
  56    1951       8     AUG1951    5.96000
  57    1951       9     SEP1951    5.75000
  58    1951      10     OCT1951    5.77000
  59    1951      11     NOV1951    6.18000
  60    1951      12     DEC1951    5.99000
  61    1952       1     JAN1952    5.82000
  62    1952       2     FEB1952    5.99000
  63    1952       3     MAR1952    5.94000
  64    1952       4     APR1952    5.96000
  65    1952       5     MAY1952    5.99000
  66    1952       6     JUN1952    5.83000
  67    1952       7     JUL1952    5.65000
  68    1952       8     AUG1952    5.66000
  69    1952       9     SEP1952    5.74000
  70    1952      10     OCT1952    5.89000
  71    1952      11     NOV1952    5.69000
  72    1952      12     DEC1952    5.47000
  73    1953       1     JAN1953    5.45000
  74    1953       2     FEB1953    5.52000
  75    1953       3     MAR1953    5.48000
  76    1953       4     APR1953    5.75000
  77    1953       5     MAY1953    5.77000
  78    1953       6     JUN1953    5.99000
  79    1953       7     JUL1953    5.90000
  80    1953       8     AUG1953    5.87000
  81    1953       9     SEP1953    6.14000
  82    1953      10     OCT1953    5.99000
  83    1953      11     NOV1953    5.92000
  84    1953      12     DEC1953    5.83000
  85    1954       1     JAN1954    5.69000
  86    1954       2     FEB1954    5.62000
  87    1954       3     MAR1954    5.46000
  88    1954       4     APR1954    5.24000
  89    1954       5     MAY1954    5.02000
  90    1954       6     JUN1954    4.99000
  91    1954       7     JUL1954    4.77000
  92    1954       8     AUG1954    4.63000
  93    1954       9     SEP1954    4.57000
  94    1954      10     OCT1954    4.43000
  95    1954      11     NOV1954    4.52000
  96    1954      12     DEC1954    4.45000
  97    1955       1     JAN1955    4.38000
  98    1955       2     FEB1955    4.32000
  99    1955       3     MAR1955    4.33000
 100    1955       4     APR1955    4.19000
 101    1955       5     MAY1955    4.23000
 102    1955       6     JUN1955    4.01000
 103    1955       7     JUL1955    3.72000
 104    1955       8     AUG1955    3.87000
 105    1955       9     SEP1955    3.72000
 106    1955      10     OCT1955    3.94000
 107    1955      11     NOV1955    4.05000
 108    1955      12     DEC1955    4.15000
 109    1956       1     JAN1956    4.24000
 110    1956       2     FEB1956    4.24000
 111    1956       3     MAR1956    3.97000
 112    1956       4     APR1956    3.94000
 113    1956       5     MAY1956    4.09000
 114    1956       6     JUN1956    4.09000
 115    1956       7     JUL1956    3.89000
 116    1956       8     AUG1956    3.92000
 117    1956       9     SEP1956    4.07000
 118    1956      10     OCT1956    4.12000
 119    1956      11     NOV1956    4.27000
 120    1956      12     DEC1956    4.24000
 121    1957       1     JAN1957    4.31000
 122    1957       2     FEB1957    4.54000
 123    1957       3     MAR1957    4.47000
 124    1957       4     APR1957    4.36000
 125    1957       5     MAY1957    4.18000
 126    1957       6     JUN1957    4.04000
 127    1957       7     JUL1957    3.95000
 128    1957       8     AUG1957    4.17000
 129    1957       9     SEP1957    4.31000
 130    1957      10     OCT1957    4.54000
 131    1957      11     NOV1957    4.67000
 132    1957      12     DEC1957    4.64000
 133    1958       1     JAN1958    4.48000
 134    1958       2     FEB1958    4.47000
 135    1958       3     MAR1958    4.37000
 136    1958       4     APR1958    4.33000
 137    1958       5     MAY1958    4.19000
 138    1958       6     JUN1958    4.08000
 139    1958       7     JUL1958    3.98000
 140    1958       8     AUG1958    3.78000
 141    1958       9     SEP1958    3.69000
 142    1958      10     OCT1958    3.54000
 143    1958      11     NOV1958    3.42000
 144    1958      12     DEC1958    3.33000
 145    1959       1     JAN1959    3.24000
 146    1959       2     FEB1959    3.32000
 147    1959       3     MAR1959    3.25000
 148    1959       4     APR1959    3.26000
 149    1959       5     MAY1959    3.21000
 150    1959       6     JUN1959    3.23000
 151    1959       7     JUL1959    3.11000
 152    1959       8     AUG1959    3.14000
 153    1959       9     SEP1959    3.26000
 154    1959      10     OCT1959    3.26000
 155    1959      11     NOV1959    3.24000
 156    1959      12     DEC1959    3.18000
 157    1960       1     JAN1960    3.27000
 158    1960       2     FEB1960    3.44000
 159    1960       3     MAR1960    3.51000
 160    1960       4     APR1960    3.47000
 161    1960       5     MAY1960    3.51000
 162    1960       6     JUN1960    3.40000
 163    1960       7     JUL1960    3.49000
 164    1960       8     AUG1960    3.43000
 165    1960       9     SEP1960    3.55000
 166    1960      10     OCT1960    3.60000
 167    1960      11     NOV1960    3.51000
 168    1960      12     DEC1960    3.41000
 169    1961       1     JAN1961    3.28000
 170    1961       2     FEB1961    3.13000
 171    1961       3     MAR1961    3.03000
 172    1961       4     APR1961    2.95000
 173    1961       5     MAY1961    2.92000
 174    1961       6     JUN1961    2.99000
 175    1961       7     JUL1961    2.99000
 176    1961       8     AUG1961    2.91000
 177    1961       9     SEP1961    2.93000
 178    1961      10     OCT1961    2.91000
 179    1961      11     NOV1961    2.83000
 180    1961      12     DEC1961    2.85000
 181    1962       1     JAN1962    2.97000
 182    1962       2     FEB1962    2.95000
 183    1962       3     MAR1962    2.95000
 184    1962       4     APR1962    3.05000
 185    1962       5     MAY1962    3.32000
 186    1962       6     JUN1962    3.78000
 187    1962       7     JUL1962    3.68000
 188    1962       8     AUG1962    3.57000
 189    1962       9     SEP1962    3.60000
 190    1962      10     OCT1962    3.71000
 191    1962      11     NOV1962    3.50000
 192    1962      12     DEC1962    3.40000
 193    1963       1     JAN1963    3.31000
 194    1963       2     FEB1963    3.27000
 195    1963       3     MAR1963    3.28000
 196    1963       4     APR1963    3.15000
 197    1963       5     MAY1963    3.13000
 198    1963       6     JUN1963    3.16000
 199    1963       7     JUL1963    3.20000
 200    1963       8     AUG1963    3.13000
 201    1963       9     SEP1963    3.06000
 202    1963      10     OCT1963    3.05000
 203    1963      11     NOV1963    3.14000
 204    1963      12     DEC1963    3.13000
 205    1964       1     JAN1964    3.06000
 206    1964       2     FEB1964    3.05000
 207    1964       3     MAR1964    3.03000
 208    1964       4     APR1964    3.00000
 209    1964       5     MAY1964    3.01000
 210    1964       6     JUN1964    3.05000
 211    1964       7     JUL1964    2.96000
 212    1964       8     AUG1964    3.03000
 213    1964       9     SEP1964    3.00000
 214    1964      10     OCT1964    2.95000
 215    1964      11     NOV1964    2.96000
 216    1964      12     DEC1964    3.05000
 217    1965       1     JAN1965    2.99000
 218    1965       2     FEB1965    2.99000
 219    1965       3     MAR1965    2.99000
 220    1965       4     APR1965    2.95000
 221    1965       5     MAY1965    2.92000
 222    1965       6     JUN1965    3.07000
 223    1965       7     JUL1965    3.09000
 224    1965       8     AUG1965    3.06000
 225    1965       9     SEP1965    2.98000
 226    1965      10     OCT1965    2.91000
 227    1965      11     NOV1965    2.96000
 228    1965      12     DEC1965    3.06000
 229    1966       1     JAN1966    3.02000
 230    1966       2     FEB1966    3.06000
 231    1966       3     MAR1966    3.23000
 232    1966       4     APR1966    3.15000
 233    1966       5     MAY1966    3.30000
 234    1966       6     JUN1966    3.36000
 235    1966       7     JUL1966    3.37000
 236    1966       8     AUG1966    3.60000
 237    1966       9     SEP1966    3.75000
 238    1966      10     OCT1966    3.76000
 239    1966      11     NOV1966    3.66000
 240    1966      12     DEC1966    3.59000
 241    1967       1     JAN1967    3.51000
 242    1967       2     FEB1967    3.36000
 243    1967       3     MAR1967    3.29000
 244    1967       4     APR1967    3.24000
 245    1967       5     MAY1967    3.19000
 246    1967       6     JUN1967    3.19000
 247    1967       7     JUL1967    3.15000
 248    1967       8     AUG1967    3.11000
 249    1967       9     SEP1967    3.07000
 250    1967      10     OCT1967    3.07000
 251    1967      11     NOV1967    3.18000
 252    1967      12     DEC1967    3.09000
 253    1968       1     JAN1968    3.13000
 254    1968       2     FEB1968    3.28000
 255    1968       3     MAR1968    3.34000
 256    1968       4     APR1968    3.12000
 257    1968       5     MAY1968    3.07000
 258    1968       6     JUN1968    3.00000
 259    1968       7     JUL1968    3.00000
 260    1968       8     AUG1968    3.09000
 261    1968       9     SEP1968    3.01000
 262    1968      10     OCT1968    2.94000
 263    1968      11     NOV1968    2.92000
 264    1968      12     DEC1968    2.93000
 265    1969       1     JAN1969    3.06000
 266    1969       2     FEB1969    3.10000
 267    1969       3     MAR1969    3.17000
 268    1969       4     APR1969    3.11000
 269    1969       5     MAY1969    3.02000
 270    1969       6     JUN1969    3.18000
 271    1969       7     JUL1969    3.34000
 272    1969       8     AUG1969    3.37000
 273    1969       9     SEP1969    3.33000
 274    1969      10     OCT1969    3.33000
 275    1969      11     NOV1969    3.31000
 276    1969      12     DEC1969    3.52000
 277    1970       1     JAN1970    3.56000
 278    1970       2     FEB1970    3.68000
 279    1970       3     MAR1970    3.60000
 280    1970       4     APR1970    3.70000
 281    1970       5     MAY1970    4.20000
 282    1970       6     JUN1970    4.17000
 283    1970       7     JUL1970    4.20000
 284    1970       8     AUG1970    4.07000
 285    1970       9     SEP1970    3.82000
 286    1970      10     OCT1970    3.74000
 287    1970      11     NOV1970    3.72000
 288    1970      12     DEC1970    3.46000
 289    1971       1     JAN1971    3.32000
 290    1971       2     FEB1971    3.18000
 291    1971       3     MAR1971    3.10000
 292    1971       4     APR1971    2.99000
 293    1971       5     MAY1971    3.04000
 294    1971       6     JUN1971    3.10000
 295    1971       7     JUL1971    3.13000
 296    1971       8     AUG1971    3.18000
 297    1971       9     SEP1971    3.09000
 298    1971      10     OCT1971    3.16000
 299    1971      11     NOV1971    3.31000
 300    1971      12     DEC1971    3.10000
 301    1972       1     JAN1972    2.96000
 302    1972       2     FEB1972    2.92000
 303    1972       3     MAR1972    2.86000
 304    1972       4     APR1972    2.83000
 305    1972       5     MAY1972    2.88000
 306    1972       6     JUN1972    2.87000
 307    1972       7     JUL1972    2.90000
 308    1972       8     AUG1972    2.80000
 309    1972       9     SEP1972    2.83000
 310    1972      10     OCT1972    2.82000
 311    1972      11     NOV1972    2.73000
 312    1972      12     DEC1972    2.70000
 313    1973       1     JAN1973    2.69000
 314    1973       2     FEB1973    2.80000
 315    1973       3     MAR1973    2.83000
 316    1973       4     APR1973    2.90000
 317    1973       5     MAY1973    3.01000
 318    1973       6     JUN1973    3.06000
 319    1973       7     JUL1973    3.04000
 320    1973       8     AUG1973    3.16000
 321    1973       9     SEP1973    3.13000
 322    1973      10     OCT1973    3.05000
 323    1973      11     NOV1973    3.36000
 324    1973      12     DEC1973    3.70000
 325    1974       1     JAN1974    3.64000
 326    1974       2     FEB1974    3.81000
 327    1974       3     MAR1974    3.65000
 328    1974       4     APR1974    3.86000
 329    1974       5     MAY1974    4.00000
 330    1974       6     JUN1974    4.02000
 331    1974       7     JUL1974    4.42000
 332    1974       8     AUG1974    4.90000
 333    1974       9     SEP1974    5.45000
 334    1974      10     OCT1974    5.38000
 335    1974      11     NOV1974    5.13000
 336    1974      12     DEC1974    5.43000
 337    1975       1     JAN1975    5.07000
 338    1975       2     FEB1975    4.61000
 339    1975       3     MAR1975    4.42000
 340    1975       4     APR1975    4.34000
 341    1975       5     MAY1975    4.08000
 342    1975       6     JUN1975    4.02000
 343    1975       7     JUL1975    4.02000
 344    1975       8     AUG1975    4.36000
 345    1975       9     SEP1975    4.39000
 346    1975      10     OCT1975    4.22000
 347    1975      11     NOV1975    4.07000
 348    1975      12     DEC1975    4.14000
 349    1976       1     JAN1976    3.80000
 350    1976       2     FEB1976    3.67000
 351    1976       3     MAR1976    3.65000
 352    1976       4     APR1976    3.66000
 353    1976       5     MAY1976    3.76000
 354    1976       6     JUN1976    3.75000
 355    1976       7     JUL1976    3.64000
 356    1976       8     AUG1976    3.74000
 357    1976       9     SEP1976    3.71000
 358    1976      10     OCT1976    3.85000
 359    1976      11     NOV1976    4.04000
 360    1976      12     DEC1976    3.93000
 361    1977       1     JAN1977    3.99000
 362    1977       2     FEB1977    4.21000
 363    1977       3     MAR1977    4.37000
 364    1977       4     APR1977    4.47000
 365    1977       5     MAY1977    4.57000
 366    1977       6     JUN1977    4.60000
 367    1977       7     JUL1977    4.59000
 368    1977       8     AUG1977    4.72000
 369    1977       9     SEP1977    4.82000
 370    1977      10     OCT1977    4.97000
 371    1977      11     NOV1977    5.02000
 372    1977      12     DEC1977    5.11000
 373    1978       1     JAN1978    5.32000
 374    1978       2     FEB1978    5.49000
 375    1978       3     MAR1978    5.68000
 376    1978       4     APR1978    5.42000
 377    1978       5     MAY1978    5.20000
 378    1978       6     JUN1978    5.19000
 379    1978       7     JUL1978    5.25000
 380    1978       8     AUG1978    4.93000
 381    1978       9     SEP1978    4.97000
 382    1978      10     OCT1978    5.11000
 383    1978      11     NOV1978    5.45000
 384    1978      12     DEC1978    5.39000
 385    1979       1     JAN1979    5.29000
 386    1979       2     FEB1979    5.43000
 387    1979       3     MAR1979    5.36000
 388    1979       4     APR1979    5.35000
 389    1979       5     MAY1979    5.58000
 390    1979       6     JUN1979    5.53000
 391    1979       7     JUL1979    5.50000
 392    1979       8     AUG1979    5.30000
 393    1979       9     SEP1979    5.31000
 394    1979      10     OCT1979    5.56000
 395    1979      11     NOV1979    5.71000
 396    1979      12     DEC1979    5.53000
 397    1980       1     JAN1980    5.41000
 398    1980       2     FEB1980    5.24000
 399    1980       3     MAR1980    5.87000
 400    1980       4     APR1980    6.05000
 401    1980       5     MAY1980    5.77000
 402    1980       6     JUN1980    5.39000
 403    1980       7     JUL1980    5.20000
 404    1980       8     AUG1980    5.06000
 405    1980       9     SEP1980    4.90000
 406    1980      10     OCT1980    4.80000
 407    1980      11     NOV1980    4.63000
 408    1980      12     DEC1980    4.74000
 409    1981       1     JAN1981    4.80000
 410    1981       2     FEB1981    5.00000
 411    1981       3     MAR1981    4.88000
 412    1981       4     APR1981    4.86000
 413    1981       5     MAY1981    4.98000
 414    1981       6     JUN1981    5.03000
 415    1981       7     JUL1981    5.18000
 416    1981       8     AUG1981    5.16000
 417    1981       9     SEP1981    5.69000
 418    1981      10     OCT1981    5.65000
 419    1981      11     NOV1981    5.54000
 420    1981      12     DEC1981    5.57000
 421    1982       1     JAN1982    5.95000
 422    1982       2     FEB1982    6.06000
 423    1982       3     MAR1982    6.28000
 424    1982       4     APR1982    5.99000
 425    1982       5     MAY1982    5.97000
 426    1982       6     JUN1982    6.28000
 427    1982       7     JUL1982    6.31000
 428    1982       8     AUG1982    6.32000
 429    1982       9     SEP1982    5.63000
 430    1982      10     OCT1982    5.12000
 431    1982      11     NOV1982    4.92000
 432    1982      12     DEC1982    4.93000
 433    1983       1     JAN1983    4.79000
 434    1983       2     FEB1983    4.74000
 435    1983       3     MAR1983    4.59000
 436    1983       4     APR1983    4.44000
 437    1983       5     MAY1983    4.27000
 438    1983       6     JUN1983    4.26000
 439    1983       7     JUL1983    4.21000
 440    1983       8     AUG1983    4.35000
 441    1983       9     SEP1983    4.24000
 442    1983      10     OCT1983    4.25000
 443    1983      11     NOV1983    4.31000
 444    1983      12     DEC1983    4.32000
 445    1984       1     JAN1984    4.27000
 446    1984       2     FEB1984    4.59000
 447    1984       3     MAR1984    4.63000
 448    1984       4     APR1984    4.64000
 449    1984       5     MAY1984    4.72000
 450    1984       6     JUN1984    4.86000
 451    1984       7     JUL1984    4.93000
 452    1984       8     AUG1984    4.62000
 453    1984       9     SEP1984    4.54000
 454    1984      10     OCT1984    4.62000
 455    1984      11     NOV1984    4.61000
 456    1984      12     DEC1984    4.68000
 457    1985       1     JAN1985    4.51000
 458    1985       2     FEB1985    4.30000
 459    1985       3     MAR1985    4.37000
 460    1985       4     APR1985    4.37000
 461    1985       5     MAY1985    4.31000
 462    1985       6     JUN1985    4.21000
 463    1985       7     JUL1985    4.14000
 464    1985       8     AUG1985    4.23000
 465    1985       9     SEP1985    4.32000
 466    1985      10     OCT1985    4.28000
 467    1985      11     NOV1985    4.06000
 468    1985      12     DEC1985    3.88000
 469    1986       1     JAN1986    3.90000
 470    1986       2     FEB1986    3.72000
 471    1986       3     MAR1986    3.50000
 472    1986       4     APR1986    3.43000
 473    1986       5     MAY1986    3.42000
 474    1986       6     JUN1986    3.36000
 475    1986       7     JUL1986    3.43000
 476    1986       8     AUG1986    3.36000
 477    1986       9     SEP1986    3.43000
 478    1986      10     OCT1986    3.49000
 479    1986      11     NOV1986    3.40000
 480    1986      12     DEC1986    3.38000
 481    1987       1     JAN1987    3.17000
 482    1987       2     FEB1987    3.02000
 483    1987       3     MAR1987    2.93000
 484    1987       4     APR1987    2.99000
 485    1987       5     MAY1987    3.02000
 486    1987       6     JUN1987    2.92000
 487    1987       7     JUL1987    2.83000
 488    1987       8     AUG1987    2.69000
 489    1987       9     SEP1987    2.78000
 490    1987      10     OCT1987    3.25000
 491    1987      11     NOV1987    3.66000
 492    1987      12     DEC1987    3.71000
 493    1988       1     JAN1988    3.66000
 494    1988       2     FEB1988    3.56000
 495    1988       3     MAR1988    3.48000
 496    1988       4     APR1988    3.57000
 497    1988       5     MAY1988    3.80000
 498    1988       6     JUN1988    3.59000
 499    1988       7     JUL1988    3.65000
 500    1988       8     AUG1988    3.75000
 501    1988       9     SEP1988    3.69000
 502    1988      10     OCT1988    3.61000
 503    1988      11     NOV1988    3.70000
 504    1988      12     DEC1988    3.68000
 505    1989       1     JAN1989    3.64000
 506    1989       2     FEB1989    3.59000
 507    1989       3     MAR1989    3.68000
 508    1989       4     APR1989    3.59000
 509    1989       5     MAY1989    3.52000
 510    1989       6     JUN1989    3.44000
 511    1989       7     JUL1989    3.38000
 512    1989       8     AUG1989    3.28000
 513    1989       9     SEP1989    3.29000
 514    1989      10     OCT1989    3.29000
 515    1989      11     NOV1989    3.39000
 516    1989      12     DEC1989    3.32000
 517    1990       1     JAN1990    3.41000
 518    1990       2     FEB1990    3.54000
 519    1990       3     MAR1990    3.49000
 520    1990       4     APR1990    3.51000
 521    1990       5     MAY1990    3.44000
 522    1990       6     JUN1990    3.36000
 523    1990       7     JUL1990    3.37000
 524    1990       8     AUG1990    3.65000
 525    1990       9     SEP1990    3.85000
 526    1990      10     OCT1990    4.01000
 527    1990      11     NOV1990    3.91000
 528    1990      12     DEC1990    3.74000
 529    1991       1     JAN1991    3.82000
 530    1991       2     FEB1991    3.35000
 531    1991       3     MAR1991    3.26000
 532    1991       4     APR1991    3.19000
 533    1991       5     MAY1991    3.23000
 534    1991       6     JUN1991    3.23000
 535    1991       7     JUL1991    3.20000
 536    1991       8     AUG1991    3.10000
 537    1991       9     SEP1991    3.15000
 538    1991      10     OCT1991    3.14000
 539    1991      11     NOV1991    3.15000
 540    1991      12     DEC1991    3.11000
 541    1992       1     JAN1992    2.90000
 542    1992       2     FEB1992    2.94000
 543    1992       3     MAR1992    3.01000
 544    1992       4     APR1992    3.02000
 545    1992       5     MAY1992    2.99000
 546    1992       6     JUN1992    3.06000
 547    1992       7     JUL1992    3.00000
 548    1992       8     AUG1992    2.97000
 549    1992       9     SEP1992    3.00000
 550    1992      10     OCT1992    3.07000
 551    1992      11     NOV1992    2.98000
 552    1992      12     DEC1992    2.90000
