   OBS          S0          Sg
     1       .47610      .25836
     2       .95659      .31681
     3       .38029      .33696
     4      -.14664      .31939
     5      -.41210      .29760
     6       .01730      .27843
     7       .79891      .28442
     8       .50697      .30102
     9       .12974      .32946
    10       .44057      .34313
    11       .25428      .34437
    12       .01184      .31837
    13      -.19960      .28283
    14      -.90616      .23406
    15      -.75567      .19189
    16       .19134      .14620
    17       .78281      .10646
    18      1.28007      .05432
    19       .91361     -.00249
    20       .46985     -.07717
    21       .26666     -.15319
    22       .56924     -.23627
    23      -.25136     -.30754
    24      -.40238     -.37628
    25      -.32281     -.43074
    26      -.91747     -.48671
    27      -.87090     -.53488
    28      -.97336     -.58854
    29     -1.16257     -.63268
    30     -2.00925     -.67512
    31     -1.38013     -.69878
    32     -1.01966     -.71379
    33      -.96165     -.70830
    34      -.74289     -.69769
    35      -.68594     -.67260
    36      -.46652     -.64704
    37      -.33159     -.60761
    38      -.21397     -.56415
    39      -.25003     -.50151
    40      -.02661     -.43126
    41       .26346     -.34252
    42       .32574     -.25140
    43      -.83111     -.14943
    44      -.20638     -.05199
    45       .09807      .05254
    46       .48076      .15232
    47       .29673      .26077
    48       .08636      .36508
    49       .87968      .47551
    50      1.21194      .57576
    51       .83391      .67425
    52       .86078      .75552
    53       .71894      .83101
    54       .34091      .88878
    55       .43086      .94244
    56       .86105      .97982
    57      1.06264     1.01233
    58       .86025     1.02514
    59       .35355     1.02823
    60       .62886     1.00758
    61       .93903      .97590
    62       .57124      .92243
    63       .48342      .86201
    64       .32481      .78392
    65       .20132      .70122
    66       .44416      .60082
    67       .70497      .49441
    68       .64256      .36949
    69       .31429      .24006
    70      -.08370      .09653
    71       .21543     -.04509
    72       .62380     -.19422
    73       .57510     -.33636
    74       .28901     -.48305
    75       .23020     -.62114
    76      -.57111     -.76190
    77      -.63484     -.89034
    78     -1.25891    -1.01533
    79     -1.21540    -1.12035
    80     -1.31054    -1.21446
    81     -2.09228    -1.28300
    82     -1.86062    -1.33768
    83     -1.73913    -1.36599
    84     -1.73740    -1.38041
    85     -1.58678    -1.36782
    86     -1.48645    -1.33955
    87     -1.40342    -1.28197
    88     -1.08367    -1.20740
    89      -.77017    -1.10461
    90      -.87436     -.98895
    91      -.56153     -.85159
    92      -.51615     -.70877
    93      -.42740     -.55098
    94      -.34290     -.39292
    95      -.05323     -.22378
    96       .32095     -.05800
    97       .33838      .11426
    98       .55780      .27715
    99       .23725      .43964
   100       .47716      .58632
   101       .21317      .72797
   102       .76072      .85162
   103      1.50361      .97009
   104      1.23216     1.07116
   105      1.63494     1.16698
   106       .77256     1.24381
   107      1.47314     1.31242
   108      1.43721     1.35871
   109       .92306     1.39424
   110       .86424     1.40631
   111      1.61605     1.40761
   112      1.64599     1.38560
   113      1.10349     1.35202
   114       .91640     1.29288
   115      1.51758     1.21889
   116      1.34367     1.11627
   117       .79545      .99736
   118       .54263      .85088
   119       .32813      .69169
   120       .45374      .51012
   121       .09474      .32155
   122      -.55487      .11612
   123      -.44470     -.09090
   124      -.19787     -.30869
   125       .24696     -.52037
   126       .40850     -.73303
   127       .61888     -.92810
   128      -.19068    -1.11207
   129      -.79944    -1.26721
   130     -1.71518    -1.40182
   131     -2.06793    -1.50011
   132     -2.14019    -1.57181
   133     -1.95150    -1.60171
   134     -1.97971    -1.59972
   135     -1.78597    -1.55117
   136     -1.79515    -1.46755
   137     -1.46023    -1.33712
   138     -1.23363    -1.17520
   139      -.96551     -.97399
   140      -.57257     -.75206
   141      -.32374     -.50378
   142       .10658     -.24900
   143       .40411      .01692
   144       .55075      .27293
   145       .96817      .52209
   146       .66159      .74186
   147       .89165      .93471
   148      1.01500     1.07915
   149      1.11547     1.18069
   150       .90350     1.22249
   151      1.32650     1.21553
   152      1.15778     1.14838
   153       .52986     1.03686
   154       .42939      .87374
   155       .39600      .67882
   156       .72972      .44897
   157       .41210      .20825
   158      -.19627     -.04249
   159      -.45987     -.27645
   160      -.36938     -.49204
   161      -.57097     -.66410
   162      -.16699     -.79486
   163      -.57936     -.86445
   164      -.49845     -.88101
   165      -.98240     -.83058
   166     -1.32451     -.72709
   167      -.97748     -.56254
   168      -.73877     -.35718
   169      -.14770     -.10962
   170       .31217      .15352
   171       .64921      .42854
   172       .92678      .68591
   173       .99039      .92177
   174       .74369     1.10915
   175       .63950     1.24886
   176      1.04281     1.31988
   177       .87409     1.32954
   178       .95699     1.26373
   179      1.48498     1.13702
   180      1.54779      .94299
   181       .98373      .70415
   182      1.14434      .42151
   183      1.09843      .12360
   184       .60743     -.18502
   185      -.48209     -.47529
   186     -2.19900     -.74502
   187     -1.94871     -.96975
   188     -1.66129    -1.15320
   189     -1.85370    -1.27721
   190     -2.35788    -1.35176
   191     -1.55311    -1.36488
   192     -1.07502    -1.33261
   193      -.66066    -1.24890
   194      -.57989    -1.13508
   195      -.72799     -.98901
   196      -.21703     -.83390
   197      -.05655     -.66708
   198      -.16886     -.50913
   199      -.47677     -.35346
   200      -.22461     -.21642
   201       .00891     -.08771
   202      -.07185      .01914
   203      -.26120      .11655
   204      -.09487      .19278
   205       .19334      .26195
   206       .24191      .31393
   207       .36898      .36399
   208       .44842      .40222
   209       .46758      .44296
   210       .28036      .47443
   211       .66013      .50881
   212       .36100      .53262
   213       .48807      .55733
   214       .61941      .56981
   215       .61848      .58249
   216       .29646      .58316
   217       .54862      .58464
   218       .56352      .57444
   219       .49752      .56475
   220       .59665      .54263
   221       .72266      .52034
   222       .00838      .48559
   223      -.07518      .45150
   224       .11031      .40628
   225       .49140      .36284
   226       .73424      .30849
   227       .79452      .25499
   228       .68674      .18890
   229       .87103      .12208
   230       .73903      .04213
   231       .14065     -.03751
   232       .50338     -.12772
   233      -.25309     -.21412
   234      -.40039     -.30739
   235      -.47078     -.39336
   236     -1.33702     -.48285
   237     -1.85091     -.56135
   238     -2.00553     -.63883
   239     -1.39450     -.69976
   240     -1.37853     -.75346
   241      -.91827     -.78464
   242      -.50897     -.80377
   243      -.24098     -.79727
   244      -.05602     -.77735
   245       .13799     -.73160
   246      -.07172     -.67276
   247       .11483     -.58856
   248       .28436     -.49201
   249       .42953     -.37173
   250       .37071     -.24231
   251      -.08968     -.09431
   252       .24963      .05597
   253       .18083      .21694
   254      -.46412      .37212
   255      -.73770      .53036
   256       .18522      .67571
   257       .46545      .81717
   258       .80303      .93841
   259       .75660     1.04781
   260       .45042     1.12876
   261       .87263     1.19017
   262      1.18160     1.21692
   263      1.38878     1.22009
   264      1.52663     1.18683
   265       .96564     1.13006
   266       .89871     1.03818
   267       .62407      .92493
   268       .89844      .77951
   269      1.34913      .61701
   270       .65094      .42859
   271       .06147      .23155
   272       .00572      .01907
   273       .07092     -.19038
   274       .23007     -.40353
   275       .34184     -.60264
   276      -.36925     -.79553
   277      -.47597     -.96541
   278      -.94142    -1.12069
   279      -.71322    -1.24492
   280     -1.12704    -1.34717
   281     -2.76132    -1.41238
   282     -2.85726    -1.45187
   283     -2.85407    -1.45347
   284     -2.49866    -1.43137
   285     -1.75750    -1.37567
   286     -1.50960    -1.30196
   287     -1.56642    -1.20090
   288      -.73251    -1.08829
   289      -.28502     -.95516
   290       .16580     -.81797
   291       .44536     -.66861
   292       .83803     -.52406
   293       .59572     -.37587
   294       .28116     -.23968
   295       .12388     -.10488
   296      -.17511      .01525
   297       .05815      .13330
   298      -.28476      .23719
   299      -.97136      .34000
   300      -.13732      .42985
   301       .35687      .52017
   302       .56006      .59988
   303       .82659      .68337
   304       .92998      .76026
   305       .75912      .84490
   306       .78174      .92575
   307       .66784     1.01513
   308      1.12358     1.09917
   309       .92785     1.18814
   310       .95619     1.26689
   311      1.62244     1.34510
   312      1.92662     1.40734
   313      2.06234     1.46290
   314      1.61472     1.49558
   315      1.45784     1.51369
   316      1.25585     1.50032
   317       .94435     1.46395
   318       .70217     1.38903
   319       .91215     1.28647
   320       .73304     1.14366
   321      1.04574      .97438
   322      1.65424      .76835
   323       .76139      .54107
   324      -.12934      .28380
   325       .14650      .01376
   326      -.13706     -.27556
   327       .50763     -.56440
   328      -.10485     -.85700
   329      -.43073    -1.13214
   330      -.33585    -1.39391
   331     -1.33981    -1.62224
   332     -2.41363    -1.82311
   333     -3.81878    -1.97858
   334     -3.51526    -2.09652
   335     -3.04262    -2.16058
   336     -3.90833    -2.18035
   337     -2.84076    -2.14175
   338     -1.51373    -2.05751
   339      -.91295    -1.91739
   340      -.76950    -1.73820
   341       .03726    -1.51327
   342       .35341    -1.26193
   343       .34104     -.97899
   344      -.70271     -.68451
   345      -.90084     -.37382
   346      -.34157     -.06769
   347      -.16154      .23768
   348      -.41156      .52091
   349       .71135      .78610
   350      1.17149     1.01343
   351      1.17987     1.20978
   352      1.24174     1.35894
   353      1.09191     1.47139
   354      1.12438     1.53403
   355      1.39250     1.55979
   356      1.23190     1.53756
   357      1.46569     1.48233
   358       .96936     1.38548
   359       .84082     1.26478
   360      1.25492     1.11422
   361      1.11440      .95337
   362       .71402      .77666
   363       .63444      .60276
   364       .40544      .42427
   365       .34131      .25783
   366       .38841      .09446
   367       .48355     -.05013
   368       .13320     -.18548
   369      -.09913     -.29660
   370      -.47251     -.39431
   371      -.42181     -.46550
   372      -.51429     -.52314
   373     -1.05998     -.55592
   374     -1.28033     -.57774
   375     -1.33888     -.57730
   376      -.80583     -.56808
   377      -.18802     -.53862
   378      -.19720     -.50302
   379      -.30764     -.45136
   380       .53398     -.39984
   381       .47384     -.34036
   382      -.00852     -.29003
   383      -.86717     -.24048
   384      -.73358     -.20755
   385      -.30911     -.18120
   386      -.57603     -.17565
   387      -.39480     -.17949
   388      -.21077     -.20555
   389      -.59626     -.24048
   390      -.41143     -.29420
   391      -.36579     -.34955
   392       .13918     -.41238
   393       .20585     -.46217
   394      -.39786     -.50299
   395      -.59093     -.51450
   396      -.16300     -.50278
   397       .12135     -.45068
   398       .55501     -.36791
   399      -.82699     -.24108
   400     -1.14022     -.08380
   401      -.63657      .11294
   402       .09288      .33035
   403       .60144      .57165
   404       .91321      .81238
   405      1.14581     1.05119
   406      1.44466     1.26118
   407      1.90493     1.44116
   408      1.60966     1.56675
   409      1.48059     1.64094
   410       .93956     1.64438
   411      1.35352     1.58541
   412      1.40541     1.45030
   413      1.06557     1.25359
   414      1.05253      .98863
   415       .66385      .67779
   416       .64735      .32223
   417      -.64136     -.04897
   418      -.54010     -.43014
   419      -.26985     -.79046
   420      -.25016    -1.12524
   421     -1.04654    -1.40663
   422     -1.44693    -1.63409
   423     -1.96454    -1.78457
   424     -1.41366    -1.86288
   425     -1.50401    -1.85232
   426     -2.38715    -1.76535
   427     -2.53126    -1.59411
   428     -2.60870    -1.36045
   429     -1.25665    -1.06520
   430      -.30817     -.73694
   431       .10352     -.38056
   432       .09900     -.02595
   433       .42993      .32280
   434       .53026      .63784
   435       .85027      .91783
   436      1.21793     1.13836
   437      1.61206     1.30266
   438      1.66182     1.39249
   439      1.57267     1.41885
   440      1.07116     1.37225
   441      1.31919     1.27217
   442      1.22351     1.11602
   443       .89511      .92778
   444       .68953      .70681
   445       .71681      .47721
   446      -.17205      .23752
   447      -.29474      .01073
   448      -.42181     -.20595
   449      -.65361     -.39163
   450     -1.09391     -.55255
   451     -1.42071     -.67287
   452      -.44643     -.76497
   453      -.46519     -.81911
   454      -.72706     -.85237
   455      -.77203     -.85751
   456     -1.08114     -.85190
   457      -.68488     -.82710
   458      -.15648     -.79900
   459      -.43911     -.75813
   460      -.52813     -.71996
   461      -.39693     -.67462
   462      -.29567     -.63639
   463      -.22607     -.59288
   464      -.70869     -.55487
   465     -1.20116     -.50652
   466     -1.23855     -.45636
   467      -.64722     -.38846
   468      -.19294     -.31332
   469      -.32401     -.21809
   470       .18230     -.11618
   471       .75779      .00350
   472       .89139      .12714
   473       .73464      .26603
   474       .93051      .40605
   475       .47277      .55696
   476       .56419      .70186
   477       .02475      .84743
   478      -.19041      .97476
   479       .07651     1.09044
   480       .11204     1.17752
   481       .78800     1.24563
   482      1.44613     1.28051
   483      1.84452     1.29308
   484      1.56921     1.26881
   485      1.43495     1.21776
   486      1.86834     1.12528
   487      2.13420     1.00327
   488      2.82852      .84097
   489      2.28616      .65527
   490       .47410      .44000
   491     -1.40488      .21479
   492     -1.71917     -.02585
   493     -1.29430     -.26288
   494      -.98360     -.50227
   495      -.68594     -.72412
   496      -.93237     -.93210
   497     -1.35445    -1.10370
   498      -.70843    -1.24141
   499      -.87968    -1.32446
   500     -1.23735    -1.36035
   501     -1.11853    -1.33545
   502      -.75327    -1.26457
   503     -1.15911    -1.13971
   504      -.99012     -.97890
   505      -.66771     -.77571
   506      -.37298     -.54965
   507      -.53318     -.29715
   508      -.20824     -.04230
   509       .19414      .21342
   510       .50098      .44258
   511       .73185      .64403
   512      1.20635      .79494
   513      1.13330      .90192
   514      1.03616      .95055
   515       .88327      .95406
   516       .88420      .90181
   517       .45481      .80866
   518      -.01943      .66552
   519       .20372      .49086
   520       .09687      .28199
   521       .46812      .06526
   522       .75247     -.15551
   523       .64363     -.35177
   524      -.58135     -.52314
   525     -1.31027     -.64902
   526     -1.76282     -.73845
   527     -1.51293     -.77834
   528     -1.05759     -.78134
   529     -1.29257     -.73473
   530       .02808     -.65113
   531       .28648     -.52069
   532       .44297     -.36350
   533       .27744     -.18050
   534       .18136     -.00190
   535       .14584      .16660
   536       .35195      .29825
   537       .16899      .39838
   538       .05030      .45453
   539      -.09048      .48368
   540      -.10925      .47801
   541       .69539      .45163
   542       .47490      .39030
   543       .19893      .30460
   544       .09341      .18496
   545       .22607      .05578
   546      -.09208     -.07414
   547       .02049     -.16608
   548       .00599     -.20962
   549      -.08303     -.18120
   550      -.38096     -.09940
   551      -.15795      .02600
   552       .13240      .15107
